00000000.jpg 4 4 1 7 7 5 2 10 7 3 1 9 1 10 9 8 1 5
00000001.jpg 5 5 4 5 8 8 3 1 6 9 1 3 1 8 8 10 5 11
00000002.jpg 6 9 3 9 9 6 3 1 8 6 1 4 2 7 6 8 1 6
00000003.jpg 5 4 10 1 2 5 3 1 6 4 1 3 2 8 4 7 5 1
00000004.jpg 3 1 3 1 2 8 2 10 8 2 1 5 2 3 5 9 9 4
00000005.jpg 2 5 5 8 10 6 2 10 10 2 1 9 4 1 9 8 5 6
00000006.jpg 7 1 8 8 4 7 2 10 10 5 1 3 3 2 1 1 5 9
00000007.jpg 6 3 7 9 9 2 3 1 7 9 1 4 3 9 2 3 7 9
00000008.jpg 5 3 3 4 9 10 3 1 7 9 1 2 3 2 5 5 9 11
00000009.jpg 2 5 7 9 5 7 3 1 6 4 1 2 3 5 2 5 7 5
00000010.jpg 4 10 3 4 1 3 3 1 4 6 1 6 1 2 7 2 7 3
00000011.jpg 2 5 10 7 2 3 2 10 9 6 1 4 3 10 10 8 5 11
00000012.jpg 3 1 10 5 2 5 2 10 7 5 1 9 2 8 6 1 7 11
00000013.jpg 5 7 5 6 4 1 2 10 7 4 2 1 3 9 9 2 1 3
00000014.jpg 2 6 5 2 8 5 3 1 6 6 1 2 1 5 2 8 7 4
00000015.jpg 3 6 3 4 6 2 3 1 5 4 1 7 3 2 10 9 3 3
00000016.jpg 3 9 1 4 8 3 2 10 9 9 2 3 1 10 1 10 3 7
00000017.jpg 3 9 4 7 7 6 3 1 5 3 1 2 1 3 2 1 9 8
00000018.jpg 3 3 3 5 6 7 2 10 9 7 1 10 2 4 9 4 3 10
00000019.jpg 4 8 9 1 7 7 3 1 3 8 2 1 4 1 3 7 3 11
