00000000 330664196208098704
00000002 582885207503165705
00000003 439014205302173640
00000004 202017197104124883
00000001 44347720580207794X
00000005 144795199108308745
00000006 607736199402210048
00000008 42238920680121448X
00000007 526881206803281268
00000009 146846205301241464
00000010 392302203505016162
00000012 20941419640817506X
00000011 14961219850329974X
00000014 154174205501041763
00000013 464530196310288102
00000015 252351204306219822
00000016 280372198812090926
00000018 222456198609138329
00000017 283665204201021087
00000019 37806620271030262X
