00000000.jpg 1350 3583
00000001.jpg 3260 361
00000002.jpg 5826 305 3639
00000003.jpg 5221 6197 1759
00000004.jpg 4974 3817 5592
00000005.jpg 1350 234
00000006.jpg 3752 1908 2337
00000007.jpg 1429 2570 2848
00000008.jpg 2145 69
00000009.jpg 4978 5062 3583
00000010.jpg 95 6033 4713
00000011.jpg 2658 6289 2755
00000012.jpg 416 3754 1231
00000013.jpg 5978 3171 2485
00000014.jpg 5221 2679 2769
00000015.jpg 1390 117
00000016.jpg 2004 2038
00000017.jpg 4563 2587 6222
00000018.jpg 3758 1310 5674
00000019.jpg 3011 549
