00000000.jpg 122 146 365 933 497 312 223 405 675 215 243 233
00000001.jpg 137 29 1241 350 547 657 261 417 3803 2163 1008
00000002.jpg 129 1312 355 77 73 66 73 368 253 191 169 44
00000003.jpg 21 475 242 22 150 268 328 135 144 493 172
00000004.jpg 2 146 121 128 549 175 468 866 138 245 887 130
00000005.jpg 93 300 314 353 221 121 30 42 37 88 60 97
00000006.jpg 139 195 485 383 151 29 565 855 393 269 775
00000007.jpg 2 39 37 37 46 132 29 131 124 988 190 180
00000008.jpg 495 956 186 382 224 336 462 423 1181 31 280 347
00000009.jpg 39 42 133 121 719 269 271 973 487 269 509 2
00000010.jpg 127 361 194 174 135 483 2588 121 120 309 2 560
00000011.jpg 396 454 281 1097 1582 274 154 479 537 29 682
00000012.jpg 126 158 773 127 183 430 119 332 948 189 593 29
00000013.jpg 250 636 29 187 215 818 124 810 120 142 162 497
00000014.jpg 549 281 373 1002 165 121 159 131 120 378 1217
00000015.jpg 644 1708 964 1529 289 744 46 38 385 132 2031 1911
00000016.jpg 29 1035 629 370 1641 2085 230 1924 129 434 180
00000017.jpg 479 1002 2 373 329 38 39 37 30 38 37
00000018.jpg 220 991 732 5 17 120 18 376 645 221 431
00000019.jpg 350 1807 1109 194 634 217 744 504 383 504 1 194
00000020.jpg 188 506 138 130 487 119 172 271 29 138 174 247
00000021.jpg 271 279 165 140 119 9 331 163 177 10 2
00000022.jpg 178 181 519 159 433 486 363 257 2 335 132
00000023.jpg 38 44 133 29 129 438 619 382 1014 586 123 129
00000024.jpg 40 62 119 233 165 206 351 143 2803 1003 2 127
00000025.jpg 624 170 184 136 134 199 646 351 39 31 41 248
00000026.jpg 1545 544 586 29 218 123 125 291 260 120 181 167
00000027.jpg 1437 716 2 214 298 430 124 29 1611 541 151 124
00000028.jpg 40 37 79 149 228 183 1456 340 229 236 168
00000029.jpg 240 38 38 152 39 44 133 29 61 60 59
00000030.jpg 273 1127 119 1224 665 127 139 598 121 158 560 453
00000031.jpg 249 312 10 971 2577 1572 761 323 191 723 500
00000032.jpg 200 1518 1438 119 867 126 29 483 220 21 66
00000033.jpg 2058 630 2058 1265 29 276 122 657 1265 657 127 1558
00000034.jpg 327 125 599 720 779 562 344 817 993 356 29
00000035.jpg 631 170 184 378 648 172 662 572 126 1110 587
00000036.jpg 552 223 1193 164 18 244 447 158 595 141 1157 222
00000037.jpg 88 90 86 92 107 101 104 119 142 126 718
00000038.jpg 136 369 139 119 1229 709 693 251 575 475 144
00000039.jpg 521 224 1658 542 660 119 617 1314 1313 356 466 1138
